3.5     0
7.6     0
7.3     0
11.2    0
0       0
12.7    0
0       0
9.8     0.7
0       0
0       0
0       0
13.1    0.7
13.8    0
10.1    0
5.2     0
14.9    0
5.1     0
6.6     0
20.1    0
14.6    0
9.3     0.6
8.5     0
0       0
0.7     0
5.5     0.7
5.8     0
4.1     0
0       0
0       0
0       0
4.1     0    
6.8     0
4.6     0
0.8     0
2.3     0
0       0
0       0
4.1     0
3.3     0
6.6     0.8
0       0
0       0
0       0
0       0
0       0
11.4    0
4.6     0
9.6     0
0       0
0       0
0       0
8.1     0
15.0    0
7.6     0.8
11.6    0
26.4    0.9
7.6     0
11.6    0
0       0
26.4    0.9
